3 0.06171875 0.29375 0.1234375 0.3208333333333333
3 0.60234375 0.3729166666666667 0.18906250000000002 0.31666666666666665
2 0.25625 0.6083333333333334 0.2125 0.33333333333333337
17 0.31640625 0.15104166666666666 0.20781249999999998 0.3020833333333333
16 0.528125 0.10104166666666667 0.17812499999999998 0.20208333333333334
14 0.9171875 0.26145833333333335 0.15937499999999993 0.34375
1 0.92421875 0.5791666666666666 0.1484375 0.3375
11 0.7046874999999999 0.7135416666666667 0.20937499999999998 0.2979166666666667
10 0.2234375 0.925 0.19375 0.14583333333333337
13 0.8421875 0.890625 0.29374999999999996 0.21458333333333335
