2 0.30390625 0.5927083333333333 0.2046875 0.33541666666666664
3 0.6625000000000001 0.3833333333333333 0.19687500000000002 0.3125
0 0.0921875 0.25833333333333336 0.184375 0.325
17 0.390625 0.14479166666666668 0.19374999999999998 0.28958333333333336
16 0.6078125000000001 0.10416666666666667 0.18125000000000002 0.20833333333333334
10 0.26640625 0.9166666666666667 0.20781249999999998 0.16249999999999998
11 0.75 0.73125 0.2124999999999999 0.2958333333333333
14 0.94765625 0.3104166666666667 0.09843749999999996 0.3208333333333333
1 0.9484375 0.6270833333333333 0.09687499999999993 0.31666666666666665
13 0.86640625 0.9072916666666666 0.21718749999999998 0.18125000000000002
